563
561
559
557
555
553
551
549
547
545
543
541
539
537
535
533
531
529
527
525
523
521
519
517
515
513
511
509
507
505
503
501
499
497
495
493
491
489
487
485
483
481
479
477
475
473
471
469
467
465
463
461
459
457
455
453
452
451
450
449
448
447
446
445
444
443
442
441
440
439
438
437
436
435
434
433
432
431
430
429
428
427
426
425
424
423
422
421
420
419
418
417
416
415
414
413
412
411
410
409
408
407
406
405
407
409
411
413
415
417
419
421
423
425
427
429
431
433
435
437
439
441
443
445
447
449
451
453
455
457
459
461
463
465
467
469
471
473
475
477
479
481
483
485
487
489
491
493
495
497
499
501
503
505
507
509
511
513
515
517
519
521
523
525
527
529
531
533
535
537
539
541
543
545
547
549
551
553
555
557
559
561
563
565
567
569
571
573
575
577
579
581
583
585
587
589
591
593
595
597
599
601
603
605
607
609
611
613
615
617
619
621
623
625
627
629
631
633
635
637
639
641
643
645
647
649
651
653
655
657
659
661
663
665
667
669
671
673
675
677
679
681
683
685
687
689
691
693
695
697
699
701
703
705
707
709
711
713
715
717
719
721
723
725
727
729
731
733
735
737
739
741
743
745
747
749
751
753
755
757
759
761
761
759
757
755
753
751
749
747
745
743
741
739
737
735
733
731
729
727
725
723
721
719
717
715
713
711
709
707
705
703
701
699
697
695
693
691
689
687
685
683
681
679
677
675
673
671
669
667
665
663
661
659
657
655
653
651
649
647
645
643
641
639
637
635
633
631
629
627
625
623
621
619
617
615
613
611
609
607
605
603
601
599
597
595
593
591
589
587
585
583
581
579
577
575
573
571
569
567
565
563
561
559
557
555
553
551
549
547
545
543
541
539
537
535
533
531
529
527
525
523
521
519
517
515
513
511
509
507
505
503
501
499
497
495
493
491
489
487
485
483
481
479
477
475
473
471
469
467
465
463
461
459
457
455
453
451
449
447
445
443
441
439
437
435
433
431
429
427
425
423
421
419
417
415
413
411
409
407
405
406
407
408
409
410
411
412
413
414
415
416
417
418
419
420
421
422
423
424
425
426
427
428
429
430
431
432
433
434
435
436
437
438
439
440
441
442
443
444
445
446
447
448
449
450
451
452
453
455
457
459
461
463
465
467
469
471
473
475
477
479
481
483
485
487
489
491
493
495
497
499
501
503
505
507
509
511
513
515
517
519
521
523
525
527
529
531
533
535
537
539
541
543
545
547
549
551
553
555
557
559
561
563
565
567
569
571
573
575
577
579
581
583
585
587
589
591
593
595
597
599
601
603
605
607
609
611
613
615
617
619
621
623
625
627
629
631
633
635
637
639
641
643
645
647
649
651
653
655
657
659
661
663
665
667
669
671
673
675
677
679
681
683
685
687
689
691
693
695
697
699
701
703
705
707
709
711
713
715
717
719
721
723
725
727
729
731
733
735
737
739
741
743
745
747
749
751
753
755
757
759
761
761
759
757
755
753
751
749
747
745
743
741
739
737
735
733
731
729
727
725
723
721
719
717
715
713
711
709
707
705
703
701
699
697
695
693
691
689
687
685
683
681
679
677
675
673
671
669
667
665
663
661
659
657
655
653
651
649
647
645
643
641
639
637
635
633
631
629
627
625
623
621
619
617
615
613
611
609
607
605
603
601
599
597
595
593
591
589
587
585
583
581
579
577
575
573
571
569
567
565